	Egr1(Zf)/K562-Egr1-ChIP-Seq(GSE32465)/Homer	EGR1.1_ENCODE_ChIP-seq_1	EGR1.1_ENCODE_ChIP-seq_2	EGR1.1_ENCODE_ChIP-seq_3	EGR1.1_ENCODE_ChIP-seq_4	EGR1.1_ENCODE_ChIP-seq_5	EGR1_disc1	EGR1_disc2	EGR1_disc3	EGR1_disc4	EGR1_disc5	EGR1_disc6	EGR1_disc7	UP00007_1	UP00007_2	sci09.v1_Egr1_2580	sci09.v2_Egr1_2580	EGR1_DBD	EGR1_full	Egr1_mouse_DBD_mutant_DBD	Guertin_EGR1_1	Guertin_EGR1_2	Guertin_EGR1_3	Guertin_EGR1_4	3Dfootprint_EGR1_1	3Dfootprint_EGR1_2	3Dfootprint_EGR1_3	MA0162.2	EGR1_f2	Transfac_M00243_Egr1
Egr1(Zf)/K562-Egr1-ChIP-Seq(GSE32465)/Homer	1.0	0.9274764	0.597840870495	0.767476569237	0.6910737	0.738516801751	0.898521192794	0.676632876853	0.694301188891	0.734649518381	0.6767653	0.690963835691	0.7522758	0.902883500301	0.8987234	0.840933	0.8601722	0.930674247048	0.932262211726	0.915195318832	0.943146969073	0.528085903333	0.559811524847	0.6787638	0.9308	0.882632966	0.853024666	0.8816984	0.9097572	0.866829
EGR1.1_ENCODE_ChIP-seq_1	0.9274764	1.0	0.681670378423	0.702363094137	0.651747176752	0.753084017344	0.94603	0.6599589	0.759818	0.693301776555	0.841378096567	0.749026327392	0.767945183165	0.9489967	0.7850663	0.8349296	0.8631464	0.9597744	0.9376874	0.947143	0.9512191	0.633726458441	0.554597470391	0.7764793	0.898179598834	0.8384305	0.8092638	0.9321505	0.951989	0.8593111
EGR1.1_ENCODE_ChIP-seq_2	0.597840870495	0.681670378423	0.99999978276	0.686197896522	0.660193104132	0.670569661953	0.5710228	0.6190121	0.620072151454	0.657988558788	0.577396493618	0.685944515317	0.6058778	0.624689449567	0.72741927353	0.7170801	0.697072241723	0.593405157801	0.5550787	0.6139104	0.692462170594	0.656301196245	0.756232852725	0.65970796467	0.550321593618	0.5496212	0.576160360641	0.656287854853	0.601573083753	0.5974788
EGR1.1_ENCODE_ChIP-seq_3	0.767476569237	0.702363094137	0.686197896522	1.0	0.705329407889	0.692155956087	0.637086939406	0.598963919746	0.660567026084	0.693721139752	0.641036065885	0.7285726	0.755158665682	0.692987136914	0.761603506103	0.716120196002	0.720630872386	0.741574973245	0.761838707482	0.765592934237	0.728439629401	0.6340463	0.712340850355	0.7125667	0.7382351	0.668247379503	0.668247379503	0.717732518557	0.712965703683	0.7960262
EGR1.1_ENCODE_ChIP-seq_4	0.6910737	0.651747176752	0.660193104132	0.705329407889	1.0	0.581077542403	0.5872808	0.6578947	0.597292453699	0.8526318	0.5985128	0.655651833635	0.659239554588	0.6648286	0.7109423	0.6830408	0.6782949	0.6264161	0.6056535	0.643370653146	0.6793231	0.694556473049	0.700339887026	0.664583497014	0.677445676252	0.6	0.6	0.6773831	0.6542859	0.6207168
EGR1.1_ENCODE_ChIP-seq_5	0.738516801751	0.753084017344	0.670569661953	0.692155956087	0.581077542403	1.0	0.758014550376	0.640864367011	0.8866668	0.599583714802	0.737457295028	0.715003776661	0.820252745526	0.7104549	0.65095782347	0.639348647543	0.650908049779	0.766109540973	0.790958971567	0.772449858942	0.700086042549	0.579350249837	0.567901054117	0.698078007814	0.6877777	0.791111	0.791111	0.678599780475	0.746090267955	0.778774218154
EGR1_disc1	0.898521192794	0.94603	0.5710228	0.637086939406	0.5872808	0.758014550376	1.0	0.5947488	0.7302085	0.628340453229	0.7925121	0.638738871187	0.7557472	0.9525672	0.7545813	0.7929263	0.8211431	0.9616712	0.9789318	0.9971598	0.9096784	0.442602356056	0.40546274041	0.7093434	0.8944444	0.8788195	0.8496528	0.9088901	0.91354	0.7898201
EGR1_disc2	0.676632876853	0.6599589	0.6190121	0.598963919746	0.6578947	0.640864367011	0.5947488	1.0	0.5910672	0.667025978233	0.582281	0.669254	0.5611833	0.671785065171	0.665519359395	0.649267442537	0.643222441766	0.6014992	0.586857707711	0.5960726	0.677431642455	0.603736	0.5903969	0.5293332066	0.670901445039	0.5347175	0.5055508	0.703787204605	0.6023536	0.5948651
EGR1_disc3	0.694301188891	0.759818	0.620072151454	0.660567026084	0.597292453699	0.8866668	0.7302085	0.5910672	1.0	0.623460753358	0.7216486	0.674917198103	0.7827227	0.676027782445	0.659679	0.662988838719	0.671025351389	0.8033067	0.7906211	0.7614018	0.7018117	0.531204231052	0.516575172752	0.6700757	0.641970235369	0.6895834	0.6781251	0.667747603136	0.7609865	0.7873826
EGR1_disc4	0.734649518381	0.693301776555	0.657988558788	0.693721139752	0.8526318	0.599583714802	0.628340453229	0.667025978233	0.623460753358	1.0	0.5781466	0.694417043366	0.590439283798	0.6627637	0.702535010857	0.705496643606	0.7118757	0.668438271994	0.658649485542	0.686675465656	0.724843040724	0.770566316373	0.668467724632	0.621292	0.6842105	0.6684211	0.6382128	0.6756269	0.6648288	0.6680662
EGR1_disc5	0.6767653	0.841378096567	0.577396493618	0.641036065885	0.5985128	0.737457295028	0.7925121	0.582281	0.7216486	0.5781466	1.0	0.652708946494	0.771842626664	0.786139355919	0.667946709578	0.686617566081	0.6993648	0.839545524385	0.816488636065	0.823980978416	0.744711094742	0.5490118	0.473267503341	0.6916996	0.628261	0.7108696	0.6937047	0.766458176178	0.7911895058	0.6708065
EGR1_disc6	0.690963835691	0.749026327392	0.685944515317	0.7285726	0.655651833635	0.715003776661	0.638738871187	0.669254	0.674917198103	0.694417043366	0.652708946494	1.0	0.66357686844	0.718523870212	0.765142307275	0.757405776271	0.746633575875	0.665543771021	0.643858950794	0.6626538249	0.744412602787	0.662427885302	0.591671251851	0.682539411615	0.635112571187	0.634959315839	0.669956415839	0.725010647772	0.684407745873	0.66593835533
EGR1_disc7	0.7522758	0.767945183165	0.6058778	0.755158665682	0.659239554588	0.820252745526	0.7557472	0.5611833	0.7827227	0.590439283798	0.771842626664	0.66357686844	1.0	0.741458554232	0.6902508	0.695568605726	0.716775781022	0.801835660526	0.804371420093	0.762649630225	0.7331353	0.5439655	0.538476311886	0.729823062201	0.7982758	0.750862	0.7378951	0.713461980336	0.7757296	0.8763515
UP00007_1	0.902883500301	0.9489967	0.624689449567	0.692987136914	0.6648286	0.7104549	0.9525672	0.671785065171	0.676027782445	0.6627637	0.786139355919	0.718523870212	0.741458554232	0.999999787969	0.8322438	0.8411292	0.8670164	0.9300542	0.9096795	0.9389429	0.931444578914	0.562196626481	0.525133407074	0.681204445115	0.8404928	0.8200462	0.7926867	0.953364972882	0.9281073	0.781477334753
UP00007_2	0.8987234	0.7850663	0.72741927353	0.761603506103	0.7109423	0.65095782347	0.7545813	0.665519359395	0.659679	0.702535010857	0.667946709578	0.765142307275	0.6902508	0.8322438	0.999999660857	0.889548	0.9000272	0.8086435	0.7789804	0.772409	0.8882452	0.6566787	0.633828869781	0.6857766	0.8295234	0.7611685	0.7400336	0.8674248	0.8060215	0.798796442307
sci09.v1_Egr1_2580	0.840933	0.8349296	0.7170801	0.716120196002	0.6830408	0.639348647543	0.7929263	0.649267442537	0.662988838719	0.705496643606	0.686617566081	0.757405776271	0.695568605726	0.8411292	0.889548	1.0	0.9661362	0.8210632	0.7776808	0.8070798	0.8968986	0.594965478162	0.556126397002	0.652496711662	0.790677316244	0.758702816244	0.767605716244	0.879569826881	0.8420437	0.7164483
sci09.v2_Egr1_2580	0.8601722	0.8631464	0.697072241723	0.720630872386	0.6782949	0.650908049779	0.8211431	0.643222441766	0.671025351389	0.7118757	0.6993648	0.746633575875	0.716775781022	0.8670164	0.9000272	0.9661362	0.999999784267	0.8455843	0.8017883	0.8325781	0.9167378	0.57724943252	0.543229795364	0.630623303784	0.815067523623	0.783577723623	0.782783623623	0.898775367244	0.861718	0.733466012677
EGR1_DBD	0.930674247048	0.9597744	0.593405157801	0.741574973245	0.6264161	0.766109540973	0.9616712	0.6014992	0.8033067	0.668438271994	0.839545524385	0.665543771021	0.801835660526	0.9300542	0.8086435	0.8210632	0.8455843	1.0	0.955951	0.964047	0.9313236	0.588992553622	0.493258479494	0.747203672005	0.9025144	0.8760264	0.8468597	0.9028654	0.9518582	0.9143168
EGR1_full	0.932262211726	0.9376874	0.5550787	0.761838707482	0.6056535	0.790958971567	0.9789318	0.586857707711	0.7906211	0.658649485542	0.816488636065	0.643858950794	0.804371420093	0.9096795	0.7789804	0.7776808	0.8017883	0.955951	1.0	0.97887	0.896198	0.577625448674	0.482173422576	0.729563	0.9244699	0.9302972	0.9011305	0.8673935	0.9086126	0.92550302317
Egr1_mouse_DBD_mutant_DBD	0.915195318832	0.947143	0.6139104	0.765592934237	0.643370653146	0.772449858942	0.9971598	0.5960726	0.7614018	0.686675465656	0.823980978416	0.6626538249	0.762649630225	0.9389429	0.772409	0.8070798	0.8325781	0.964047	0.97887	1.0	0.9252776	0.5365294	0.546975689489	0.7269725	0.9078365	0.892675	0.8635083	0.895055	0.9159158	0.8524113
Guertin_EGR1_1	0.943146969073	0.9512191	0.692462170594	0.728439629401	0.6793231	0.700086042549	0.9096784	0.677431642455	0.7018117	0.724843040724	0.744711094742	0.744412602787	0.7331353	0.931444578914	0.8882452	0.8968986	0.9167378	0.9313236	0.896198	0.9252776	1.0	0.592866978315	0.563024174963	0.699583489056	0.8764388	0.82594	0.7966527	0.9334566	0.9455745	0.793293570225
Guertin_EGR1_2	0.528085903333	0.633726458441	0.656301196245	0.6340463	0.694556473049	0.579350249837	0.442602356056	0.603736	0.531204231052	0.770566316373	0.5490118	0.662427885302	0.5439655	0.562196626481	0.6566787	0.594965478162	0.57724943252	0.588992553622	0.577625448674	0.5365294	0.592866978315	1.0	0.6114408	0.564196104751	0.5424243	0.5060607	0.512216	0.5824858	0.509438	0.550217551747
Guertin_EGR1_3	0.559811524847	0.554597470391	0.756232852725	0.712340850355	0.700339887026	0.567901054117	0.40546274041	0.5903969	0.516575172752	0.668467724632	0.473267503341	0.591671251851	0.538476311886	0.525133407074	0.633828869781	0.556126397002	0.543229795364	0.493258479494	0.482173422576	0.546975689489	0.563024174963	0.6114408	1.0	0.553665208608	0.49797984041	0.439511128047	0.45754634041	0.49473554041	0.470772899319	0.57631142417
Guertin_EGR1_4	0.6787638	0.7764793	0.65970796467	0.7125667	0.664583497014	0.698078007814	0.7093434	0.5293332066	0.6700757	0.621292	0.6916996	0.682539411615	0.729823062201	0.681204445115	0.6857766	0.652496711662	0.630623303784	0.747203672005	0.729563	0.7269725	0.699583489056	0.564196104751	0.553665208608	1.0	0.7363638	0.7227274	0.6925191	0.6804379	0.732049948577	0.658091
3Dfootprint_EGR1_1	0.9308	0.898179598834	0.550321593618	0.7382351	0.677445676252	0.6877777	0.8944444	0.670901445039	0.641970235369	0.6842105	0.628261	0.635112571187	0.7982758	0.8404928	0.8295234	0.790677316244	0.815067523623	0.9025144	0.9244699	0.9078365	0.8764388	0.5424243	0.49797984041	0.7363638	1.0	0.95	0.9197917	0.8177058	0.865361505975	0.7972
3Dfootprint_EGR1_2	0.882632966	0.8384305	0.5496212	0.668247379503	0.6	0.791111	0.8788195	0.5347175	0.6895834	0.6684211	0.7108696	0.634959315839	0.750862	0.8200462	0.7611685	0.758702816244	0.783577723623	0.8760264	0.9302972	0.892675	0.82594	0.5060607	0.439511128047	0.7227274	0.95	1.0	1.0	0.7759956	0.816914897274	0.7254
3Dfootprint_EGR1_3	0.853024666	0.8092638	0.576160360641	0.668247379503	0.6	0.791111	0.8496528	0.5055508	0.6781251	0.6382128	0.6937047	0.669956415839	0.7378951	0.7926867	0.7400336	0.767605716244	0.782783623623	0.8468597	0.9011305	0.8635083	0.7966527	0.512216	0.45754634041	0.6925191	0.9197917	1.0	1.0	0.7507481	0.787748197274	0.7254
MA0162.2	0.8816984	0.9321505	0.656287854853	0.717732518557	0.6773831	0.678599780475	0.9088901	0.703787204605	0.667747603136	0.6756269	0.766458176178	0.725010647772	0.713461980336	0.953364972882	0.8674248	0.879569826881	0.898775367244	0.9028654	0.8673935	0.895055	0.9334566	0.5824858	0.49473554041	0.6804379	0.8177058	0.7759956	0.7507481	1.0	0.9261268	0.775981598959
EGR1_f2	0.9097572	0.951989	0.601573083753	0.712965703683	0.6542859	0.746090267955	0.91354	0.6023536	0.7609865	0.6648288	0.7911895058	0.684407745873	0.7757296	0.9281073	0.8060215	0.8420437	0.861718	0.9518582	0.9086126	0.9159158	0.9455745	0.509438	0.470772899319	0.732049948577	0.865361505975	0.816914897274	0.787748197274	0.9261268	0.999999940005	0.856261175433
Transfac_M00243_Egr1	0.866829	0.8593111	0.5974788	0.7960262	0.6207168	0.778774218154	0.7898201	0.5948651	0.7873826	0.6680662	0.6708065	0.66593835533	0.8763515	0.781477334753	0.798796442307	0.7164483	0.733466012677	0.9143168	0.92550302317	0.8524113	0.793293570225	0.550217551747	0.57631142417	0.658091	0.7972	0.7254	0.7254	0.775981598959	0.856261175433	1.0
