	MA0001	MA0002	MA0003	MA0004	MA0005	MA0006	MA0007	MA0008	MA0009	MA0010	MA0011	MA0012	MA0013	MA0014	MA0015	MA0016	MA0017
MA0001	1.0	0.673141616929	0.63446374815	0.521958762887	0.807891936853	0.529939862543	0.703606029787	0.572041237113	0.578634020619	0.709612577935	0.74568889255	0.733139821061	0.637147001865	0.667182202515	0.715911910396	0.53207027924	0.739254559873
MA0002	0.673141616929	1.0	0.650508161721	0.553979404474	0.742945495232	0.589473684211	0.648684210526	0.464301475265	0.723421052632	0.718990085793	0.50202941997	0.688596491228	0.618384898742	0.678947368421	0.487650322216	0.863157894737	0.617040754379
MA0003	0.63446374815	0.650508161721	1.0	0.552160673603	0.768753653305	0.627632277257	0.669237641874	0.458791626829	0.653116744801	0.617824491158	0.661470357839	0.589293064838	0.532262095817	0.679060259675	0.522050223724	0.627951048516	0.692567914013
MA0004	0.521958762887	0.553979404474	0.552160673603	1.0	0.535704190355	0.725833333333	0.505569407309	0.393800396637	0.77	0.532780778632	0.453333333333	0.568896381844	0.366666666667	0.59	0.52	0.596842105263	0.516484549512
MA0005	0.807891936853	0.742945495232	0.768753653305	0.535704190355	1.0	0.582439680786	0.684110582382	0.530839705827	0.65959490014	0.638177777778	0.677416738889	0.681561090274	0.624640036939	0.692526320748	0.613199430852	0.619383890262	0.709868147822
MA0006	0.529939862543	0.589473684211	0.627632277257	0.725833333333	0.582439680786	1.0	0.567969453964	0.387679642026	0.649166666667	0.56875	0.426202662451	0.593385759978	0.429166666667	0.741666666667	0.43406260801	0.705140673987	0.538166649445
MA0007	0.703606029787	0.648684210526	0.669237641874	0.505569407309	0.684110582382	0.567969453964	1.0	0.545781552533	0.640104166667	0.734623448736	0.630906050342	0.696289778216	0.672006180762	0.708333333333	0.565529151004	0.65220904887	0.712876034183
MA0008	0.572041237113	0.464301475265	0.458791626829	0.393800396637	0.530839705827	0.387679642026	0.545781552533	1.0	0.4915	0.656444444444	0.675407407407	0.717333333333	0.682666666667	0.513666666667	0.62075	0.404842105263	0.560615384615
MA0009	0.578634020619	0.723421052632	0.653116744801	0.77	0.65959490014	0.649166666667	0.640104166667	0.4915	1.0	0.627222222222	0.574499774774	0.61125	0.639625920998	0.63	0.575	0.739736842105	0.636538461538
MA0010	0.709612577935	0.718990085793	0.617824491158	0.532780778632	0.638177777778	0.56875	0.734623448736	0.656444444444	0.627222222222	1.0	0.675	0.753403191387	0.737912937332	0.636999144913	0.7	0.57389879192	0.820512820513
MA0011	0.74568889255	0.50202941997	0.661470357839	0.453333333333	0.677416738889	0.426202662451	0.630906050342	0.675407407407	0.574499774774	0.675	1.0	0.72989815499	0.677374870544	0.616666666667	0.718673330168	0.462942804582	0.566666666667
MA0012	0.733139821061	0.688596491228	0.589293064838	0.568896381844	0.681561090274	0.593385759978	0.696289778216	0.717333333333	0.61125	0.753403191387	0.72989815499	1.0	0.725	0.644679101358	0.640441692288	0.601504061192	0.675641025641
MA0013	0.637147001865	0.618384898742	0.532262095817	0.366666666667	0.624640036939	0.429166666667	0.672006180762	0.682666666667	0.639625920998	0.737912937332	0.677374870544	0.725	1.0	0.656248332552	0.722916666667	0.56270166811	0.716666666667
MA0014	0.667182202515	0.678947368421	0.679060259675	0.59	0.692526320748	0.741666666667	0.708333333333	0.513666666667	0.63	0.636999144913	0.616666666667	0.644679101358	0.656248332552	1.0	0.578496241571	0.622807017544	0.682425495248
MA0015	0.715911910396	0.487650322216	0.522050223724	0.52	0.613199430852	0.43406260801	0.565529151004	0.62075	0.575	0.7	0.718673330168	0.640441692288	0.722916666667	0.578496241571	1.0	0.456710526316	0.548519883553
MA0016	0.53207027924	0.863157894737	0.627951048516	0.596842105263	0.619383890262	0.705140673987	0.65220904887	0.404842105263	0.739736842105	0.57389879192	0.462942804582	0.601504061192	0.56270166811	0.622807017544	0.456710526316	1.0	0.621836553882
MA0017	0.739254559873	0.617040754379	0.692567914013	0.516484549512	0.709868147822	0.538166649445	0.712876034183	0.560615384615	0.636538461538	0.820512820513	0.566666666667	0.675641025641	0.716666666667	0.682425495248	0.548519883553	0.621836553882	1.0
